1 66274659
700 53688447
606 56649079
899 62819582
64 23788978
1089 129321003
651 111076196
797 119650363
202 149044628
138 97514301
65 15153290
91 36060021
1003 17594863
14 45407308
225 14471362
113 24971146
522 5987492
909 19383719
545 13289662
718 12013992
95 84242247
1034 177911951
1173 17209997
766 19434942
67 14389212
784 66159588
526 40430501
814 51693728
239 112669547
772 44964101
954 52660746
624 74759310
554 91568357
646 144753465
944 51076774
900 61265164
336 143524360
463 103348526
849 149529087
862 96125637
314 120512330
750 36004970
804 151952630
1194 58788200
1074 16010098
604 27041653
520 17833920
411 7467902
1099 17097786
385 14646134
544 25287900
777 14874343
535 15178425
1164 49982585
1159 20942718
455 14865942
650 35431135
397 23197805
501 15229161
1045 28071072
549 17602549
919 55855791
775 43682301
547 14214384
1157 18949506
423 42377991
283 86736656
363 16415931
996 42200631
268 176873407
428 16109987
381 31217851
636 818489
335 15221397
258 19747259
1058 19860200
330 42279329
736 21556283
1104 16311369
285 1001621
531 15776679
896 67359248
1069 14500104
1158 55203608
344 15716179
1050 14213971
661 4197781
284 15027831
1015 14276041
287 37934646
274 21611866
517 37873355
634 55268034
315 97754144
440 54480908
438 22491318
434 7830962
590 11374792
1070 1491081
1073 22495490
402 16815376
721 152765492
887 33262237
754 34736909
1006 103304486
1004 37400329
753 19178294
817 42467023
1096 14772562
1092 66970637
380 14571333
1066 20908741
620 59441161
405 14134427
845 32849947
630 18608483
1014 15931032
574 6899022
751 37631725
1118 38899969
703 40642926
825 44073672
504 26471320
639 45992579
628 25887327
1221 38708427
433 8785532
533 21602451
1022 15643141
1047 58747191
732 22483391
635 15417223
575 70715860
889 35827416
389 20482678
144 15253333
723 18774581
934 8596662
1126 39534784
785 63212236
483 111011528
525 84284000
25 33886238
1056 126218409
571 16042128
530 63672806
519 18340541
997 5795372
1141 18968059
684 111040765
827 14069011
46 21555509
687 33419824
1147 19657623
18 66659108
815 183816754
149 19911560
224 5852962
879 5837802
839 38369764
1193 15834276
539 60284937
931 79027871
1215 56650317
743 96595006
749 15403239
155 44655782
910 134869391
145 14430265
967 94967446
61 73076710
140 30985586
183 21978839
708 6830042
110 8250252
506 145584349
1012 18101171
741 166510200
587 38378624
1079 184365548
668 146592516
39 744243
840 131886714
737 151045990
254 149495617
228 15644362
207 43822123
245 60312060
93 143760523
957 6731612
30 49192881
532 60128824
851 14327076
853 25875864
211 17112598
670 46709756
66 79996146
178 52976310
205 4380591
1203 112501529
248 150314676
828 18041069
172 74421399
124 74892702
690 35159847
180 11454362
747 125086902
888 99650524
1201 14091083
953 54166171
1011 14828429
1139 154249227
121 59853400
53 129138818
1208 42186233
350 109980164
280 97293718
439 82987284
401 85087043
342 26062555
415 106428273
301 110784401
1207 11804382
958 151981139
157 11696392
831 146951482
792 88596265
150 156317884
184 73596881
1148 25375288
175 81322095
164 29207004
805 34190367
672 11159262
669 18140095
644 18601156
885 190654169
580 38180097
373 98921138
906 18552017
318 19703825
1102 52152856
289 18363681
576 66312459
1110 24530347
464 24096787
466 60704313
7 9835142
1031 133399035
867 104242379
982 38888555
527 164683158
