512 46944730
744 145990254
481 73836614
1133 136924156
614 174784150
550 4485551
246 19649415
139 55164316
1153 37641093
213 67570255
579 53714545
130 100167614
73 47293934
20 39927901
245 60312060
204 78447406
201 75270182
1057 18774306
1111 74964902
88 27865047
562 126966274
1036 60154337
536 8352982
74 99537029
250 14196465
350 109980164
676 52992670
900 61265164
443 146628838
1024 49117762
276 28958888
842 55070643
1021 143530801
340 116305625
897 62322295
808 38385712
544 25287900
620 59441161
542 14898288
865 27614604
1159 20942718
664 38250081
836 9969582
753 19178294
1041 14196481
1113 19158328
1154 22052009
1070 1491081
721 152765492
1221 38708427
628 25887327
590 11374792
1048 18933958
437 58562226
283 86736656
1149 195511696
732 22483391
447 114003485
1069 14500104
478 92733659
280 97293718
823 139420306
661 4197781
363 16415931
799 15320322
310 15948679
464 24096787
1180 21914104
456 15761200
258 19747259
750 36004970
591 69542664
12 19070563
181 91073856
785 63212236
14 45407308
917 86674445
557 146803708
749 15403239
529 29467782
852 42252599
203 122619733
958 151981139
990 17461932
1053 36471807
75 56907638
494 18692021
622 17599307
22 77188860
795 19959363
61 73076710
669 18140095
35 111829656
506 145584349
489 61155779
482 48174818
193 45507598
525 84284000
862 96125637
920 130872004
607 145925937
730 176113545
769 96630230
1187 163123286
1120 182956138
1090 57437507
388 42102368
