600 112233362
1133 136924156
614 174784150
981 85677297
231 16095424
134 61733673
1056 126218409
579 53714545
846 57661758
737 151045990
489 61155779
911 21990854
27 132092473
910 134869391
1089 129321003
246 19649415
237 111867101
175 81322095
88 27865047
101 76966336
781 138093146
782 16779683
668 146592516
123 30009838
121 59853400
691 81048495
995 51986969
606 56649079
826 86693442
786 82023476
870 17532133
26 16946882
43 9986252
986 5837722
952 60856622
631 97418673
178 52976310
926 11792112
212 25270662
957 6731612
244 137763115
222 20144667
720 108963129
874 14492606
158 17776557
758 14918939
959 43729253
828 18041069
539 60284937
967 94967446
75 56907638
1060 11532842
854 19480892
833 12905592
544 25287900
1030 20007873
929 73709354
822 12038642
516 26758275
992 14454171
648 5542402
998 18189797
647 94781732
263 168178086
499 3012061
334 18014005
1069 14500104
429 103046392
954 52660746
988 147197641
249 91055467
837 78411195
554 91568357
646 144753465
730 176113545
936 96446623
656 70718660
1191 16891336
576 66312459
922 42372594
598 18627452
886 14172624
1130 14907160
809 14112693
1181 30319886
713 58258910
1102 52152856
1045 28071072
630 18608483
912 21888233
1017 9423642
946 135457053
906 18552017
318 19703825
411 7467902
1094 87899553
595 67297148
1055 7054812
605 17682967
581 131819453
458 16939856
260 24733
401 85087043
342 26062555
396 30527673
410 32222559
